pn = 14
Result is [[1. 0. 1. 1. 1. 0. 1. 0. 1. 0. 1. 1. 1. 1. 1. 0. 1. 0. 1. 0. 1.]]

pn = 15
Result is [[1. 1. 1. 1. 1. 0. 1. 0. 1. 0. 1. 0. 1. 1. 1. 0. 1. 0. 1. 0. 1.]]

pn = 16
Result is [[1. 0. 1. 0. 1. 0. 1. 0. 1. 0. 1. 1. 1. 1. 1. 0. 1. 0. 1. 0. 1.]]

pn = 17
Result is [[1. 0. 1. 0. 1. 0. 1. 0. 1. 0. 1. 1. 1. 1. 1. 0. 1. 0. 1. 0. 1.]]

pn = 18
Result is [[1. 0. 1. 0. 1. 0. 1. 0. 1. 0. 1. 1. 1. 1. 1. 0. 1. 0. 1. 0. 1.]]

pn = 19
Result is [[1. 1. 1. 0. 1. 0. 1. 0. 1. 0. 1. 1. 1. 1. 1. 1. 1. 0. 1. 0. 1.]]

Final pn = 16
Result is [[1. 0. 1. 0. 1. 0. 1. 0. 1. 0. 1. 1. 1. 1. 1. 0. 1. 0. 1. 0. 1.]]